{
    "model_1000": 0.007522068917751312,
    "model_1001": 0.010791953653097153,
    "model_1002": 0.008191337808966637,
    "model_1003": 0.010139986872673035,
    "model_1004": 0.0080935163423419,
    "model_1005": 0.01157430000603199,
    "model_1006": 0.007459482178092003,
    "model_1007": 0.010225318372249603,
    "model_1008": 0.007177833002060652,
    "model_1009": 0.00943839643150568,
    "model_1010": 0.007703784853219986,
    "model_1011": 0.011111540719866753,
    "model_239": 0.004578227177262306,
    "model_240": 0.004205645062029362,
    "model_241": 0.004252278245985508,
    "model_242": 0.0043172938749194145,
    "model_243": 0.0054685622453689575,
    "model_244": 0.006077874451875687,
    "model_245": 0.004306950606405735,
    "model_246": 0.007118557579815388,
    "model_247": 0.004060221835970879,
    "model_248": 0.006145333871245384,
    "model_249": 0.003947308752685785,
    "model_250": 0.007535748183727264,
    "model_251": 0.0034088529646396637,
    "model_252": 0.0038352995179593563,
    "model_253": 0.0043409415520727634,
    "model_254": 0.0053007155656814575,
    "model_255": 0.002078600460663438,
    "model_256": 0.004026275593787432,
    "model_612": 0.010453404858708382,
    "model_613": 0.011319488286972046,
    "model_614": 0.010178718715906143,
    "model_615": 0.011473670601844788,
    "model_616": 0.010433115065097809,
    "model_617": 0.011142928153276443,
    "model_618": 0.010479704476892948,
    "model_619": 0.010641648434102535,
    "model_620": 0.01036357693374157,
    "model_621": 0.010899772867560387,
    "model_622": 0.010925786569714546,
    "model_623": 0.010620146989822388,
    "model_624": 0.01009775884449482,
    "model_625": 0.010969641618430614,
    "model_626": 0.010687757283449173,
    "model_627": 0.01091374084353447,
    "model_628": 0.010088909417390823,
    "model_629": 0.010785907506942749,
    "model_994": 0.008264979347586632,
    "model_995": 0.011369889602065086,
    "model_996": 0.007306144572794437,
    "model_997": 0.010283906012773514,
    "model_998": 0.01113560888916254,
    "model_999": 0.011911178007721901
}