{
    "model_148": 0.005554542876780033,
    "model_149": 0.007067680358886719,
    "model_150": 0.04451345279812813,
    "model_151": 0.04617537558078766,
    "model_152": 0.004237968008965254,
    "model_153": 0.0037232949398458004,
    "model_154": 0.07342510670423508,
    "model_155": 0.07501786947250366,
    "model_156": 0.00735635356977582,
    "model_157": 0.005141792818903923,
    "model_158": 0.014276758767664433,
    "model_159": 0.012659411877393723,
    "model_20": 0.03141527250409126,
    "model_21": 0.028363686054944992,
    "model_212": 0.0078770462423563,
    "model_213": 0.007296479307115078,
    "model_214": 0.047288037836551666,
    "model_215": 0.045988306403160095,
    "model_216": 0.008906735107302666,
    "model_217": 0.004772350657731295,
    "model_218": 0.07635587453842163,
    "model_219": 0.07932418584823608,
    "model_22": 0.057476937770843506,
    "model_220": 0.007738063577562571,
    "model_221": 0.008551794104278088,
    "model_222": 0.02321678400039673,
    "model_223": 0.024950619786977768,
    "model_23": 0.058326851576566696,
    "model_24": 0.03798230364918709,
    "model_25": 0.03657161071896553,
    "model_26": 0.07859529554843903,
    "model_27": 0.08319218456745148,
    "model_28": 0.025580283254384995,
    "model_29": 0.020990677177906036,
    "model_30": 0.04439046233892441,
    "model_31": 0.038472965359687805,
    "model_532": 0.013412331230938435,
    "model_533": 0.01181025616824627,
    "model_534": 0.04007520526647568,
    "model_535": 0.03418614715337753,
    "model_536": 0.02522493153810501,
    "model_537": 0.02088930457830429,
    "model_538": 0.07683844119310379,
    "model_539": 0.07460543513298035,
    "model_540": 0.009497987106442451,
    "model_541": 0.005095549859106541,
    "model_542": 0.02894074283540249,
    "model_543": 0.021801374852657318,
    "model_596": 0.022938810288906097,
    "model_597": 0.01816093549132347,
    "model_598": 0.03612665832042694,
    "model_599": 0.03376763314008713,
    "model_600": 0.031719036400318146,
    "model_601": 0.026499401777982712,
    "model_602": 0.07597434520721436,
    "model_603": 0.07569052278995514,
    "model_604": 0.01528002880513668,
    "model_605": 0.015925448387861252,
    "model_606": 0.02173038199543953,
    "model_607": 0.02276596426963806,
    "model_660": 0.008932722732424736,
    "model_661": 0.0071679651737213135,
    "model_662": 0.014705393463373184,
    "model_663": 0.018706992268562317,
    "model_664": 0.01075604185461998,
    "model_665": 0.00393387908115983,
    "model_666": 0.06381113827228546,
    "model_667": 0.06458626687526703,
    "model_668": 0.00854554120451212,
    "model_669": 0.00659254752099514,
    "model_670": 0.013006402179598808,
    "model_671": 0.010763155296444893,
    "model_724": 0.011652309447526932,
    "model_725": 0.011133652180433273,
    "model_726": 0.024421557784080505,
    "model_727": 0.021371884271502495,
    "model_728": 0.008768676780164242,
    "model_729": 0.008323426358401775,
    "model_730": 0.06520839035511017,
    "model_731": 0.06768760085105896,
    "model_732": 0.014420595020055771,
    "model_733": 0.010425333864986897,
    "model_734": 0.015311888419091702,
    "model_735": 0.01276590209454298,
    "model_84": 0.03249381482601166,
    "model_85": 0.03171456605195999,
    "model_86": 0.0600663423538208,
    "model_87": 0.05669654905796051,
    "model_88": 0.03656332194805145,
    "model_89": 0.039733536541461945,
    "model_90": 0.08578144758939743,
    "model_91": 0.0810447633266449,
    "model_92": 0.032314423471689224,
    "model_93": 0.028524726629257202,
    "model_94": 0.039806488901376724,
    "model_95": 0.04376593977212906
}