{
    "model_148": 0.04312027245759964,
    "model_149": 0.04186038672924042,
    "model_150": 0.05331677943468094,
    "model_151": 0.054110731929540634,
    "model_152": 0.04578161612153053,
    "model_153": 0.04322393983602524,
    "model_154": 0.06437948346138,
    "model_155": 0.06512077152729034,
    "model_156": 0.043393559753894806,
    "model_157": 0.04116637632250786,
    "model_158": 0.04869389906525612,
    "model_159": 0.04767944663763046,
    "model_20": 0.04595309495925903,
    "model_21": 0.04489535838365555,
    "model_212": 0.0424901619553566,
    "model_213": 0.04190249741077423,
    "model_214": 0.05285000056028366,
    "model_215": 0.054228849709033966,
    "model_216": 0.04216206818819046,
    "model_217": 0.04270019382238388,
    "model_218": 0.06434369087219238,
    "model_219": 0.06528385728597641,
    "model_22": 0.05666908621788025,
    "model_220": 0.04305912181735039,
    "model_221": 0.04064469039440155,
    "model_222": 0.04668983072042465,
    "model_223": 0.04825170338153839,
    "model_23": 0.05659803748130798,
    "model_24": 0.05036443471908569,
    "model_25": 0.04948112741112709,
    "model_26": 0.06569574773311615,
    "model_27": 0.06607340276241302,
    "model_28": 0.04344937950372696,
    "model_29": 0.041161105036735535,
    "model_30": 0.05142517387866974,
    "model_31": 0.050986554473638535,
    "model_532": 0.04454550892114639,
    "model_533": 0.043861255049705505,
    "model_534": 0.05197778344154358,
    "model_535": 0.0501946359872818,
    "model_536": 0.05357491970062256,
    "model_537": 0.05167534947395325,
    "model_538": 0.06494691967964172,
    "model_539": 0.06471879035234451,
    "model_540": 0.04166906327009201,
    "model_541": 0.03861871361732483,
    "model_542": 0.048797741532325745,
    "model_543": 0.0484900176525116,
    "model_596": 0.045438989996910095,
    "model_597": 0.04520242661237717,
    "model_598": 0.05194063484668732,
    "model_599": 0.05106990039348602,
    "model_600": 0.053691815584897995,
    "model_601": 0.05172605440020561,
    "model_602": 0.06485454738140106,
    "model_603": 0.06614479422569275,
    "model_604": 0.0436578094959259,
    "model_605": 0.04310683161020279,
    "model_606": 0.0470796599984169,
    "model_607": 0.04648233950138092,
    "model_660": 0.04762997850775719,
    "model_661": 0.04693860933184624,
    "model_662": 0.053390730172395706,
    "model_663": 0.051453545689582825,
    "model_664": 0.048802342265844345,
    "model_665": 0.04776035249233246,
    "model_666": 0.06528712809085846,
    "model_667": 0.06491076946258545,
    "model_668": 0.044780146330595016,
    "model_669": 0.04316423460841179,
    "model_670": 0.04732951149344444,
    "model_671": 0.04529719799757004,
    "model_724": 0.04625935107469559,
    "model_725": 0.044261351227760315,
    "model_726": 0.05102956295013428,
    "model_727": 0.04925190284848213,
    "model_728": 0.04898853227496147,
    "model_729": 0.04455062374472618,
    "model_730": 0.06420868635177612,
    "model_731": 0.06685276329517365,
    "model_732": 0.0470113679766655,
    "model_733": 0.04325282946228981,
    "model_734": 0.04486766457557678,
    "model_735": 0.042087189853191376,
    "model_84": 0.04739020764827728,
    "model_85": 0.04694691672921181,
    "model_86": 0.05746044963598251,
    "model_87": 0.05623944476246834,
    "model_88": 0.053561631590127945,
    "model_89": 0.05134035646915436,
    "model_90": 0.06703844666481018,
    "model_91": 0.06733351945877075,
    "model_92": 0.046650808304548264,
    "model_93": 0.04619045555591583,
    "model_94": 0.05162855237722397,
    "model_95": 0.05252651870250702
}