{
    "model_1000": 0.050066396594047546,
    "model_1001": 0.05005810782313347,
    "model_1002": 0.04846647381782532,
    "model_1003": 0.049223996698856354,
    "model_1004": 0.05104822292923927,
    "model_1005": 0.053046002984046936,
    "model_1006": 0.04720247909426689,
    "model_1007": 0.04948163032531738,
    "model_1008": 0.04932422563433647,
    "model_1009": 0.04997403174638748,
    "model_1010": 0.049721986055374146,
    "model_1011": 0.05112428218126297,
    "model_239": 0.050734926015138626,
    "model_240": 0.050220195204019547,
    "model_241": 0.05068852752447128,
    "model_242": 0.0500684455037117,
    "model_243": 0.05579244717955589,
    "model_244": 0.05643632262945175,
    "model_245": 0.047295693308115005,
    "model_246": 0.05070660263299942,
    "model_247": 0.04913956671953201,
    "model_248": 0.049807801842689514,
    "model_249": 0.04930462688207626,
    "model_250": 0.05161956325173378,
    "model_251": 0.04942408949136734,
    "model_252": 0.05058795586228371,
    "model_253": 0.047747962176799774,
    "model_254": 0.04952966421842575,
    "model_255": 0.05292239412665367,
    "model_256": 0.05406419560313225,
    "model_612": 0.05817420780658722,
    "model_613": 0.059326354414224625,
    "model_614": 0.05683305114507675,
    "model_615": 0.05814370512962341,
    "model_616": 0.0614357590675354,
    "model_617": 0.06147381663322449,
    "model_618": 0.060143377631902695,
    "model_619": 0.061531178653240204,
    "model_620": 0.05910512059926987,
    "model_621": 0.061522118747234344,
    "model_622": 0.06322607398033142,
    "model_623": 0.06243859976530075,
    "model_624": 0.0572270005941391,
    "model_625": 0.058846548199653625,
    "model_626": 0.05843255668878555,
    "model_627": 0.05807458609342575,
    "model_628": 0.05822829157114029,
    "model_629": 0.06003672629594803,
    "model_994": 0.04993429034948349,
    "model_995": 0.04959506168961525,
    "model_996": 0.04824402183294296,
    "model_997": 0.050774939358234406,
    "model_998": 0.0534728541970253,
    "model_999": 0.053541503846645355
}