{
    "model_148": 0.16493040323257446,
    "model_149": 0.16414080560207367,
    "model_150": 0.1756366342306137,
    "model_151": 0.17743784189224243,
    "model_152": 0.18035201728343964,
    "model_153": 0.18222858011722565,
    "model_154": 0.18691015243530273,
    "model_155": 0.19271092116832733,
    "model_156": 0.16577304899692535,
    "model_157": 0.16714046895503998,
    "model_158": 0.16635148227214813,
    "model_159": 0.16813135147094727,
    "model_20": 0.16730085015296936,
    "model_21": 0.17368681728839874,
    "model_212": 0.16659806668758392,
    "model_213": 0.162619948387146,
    "model_214": 0.17708784341812134,
    "model_215": 0.174408957362175,
    "model_216": 0.18063996732234955,
    "model_217": 0.18289496004581451,
    "model_218": 0.1899542212486267,
    "model_219": 0.18782229721546173,
    "model_22": 0.1755138635635376,
    "model_220": 0.1655089259147644,
    "model_221": 0.16785547137260437,
    "model_222": 0.17017103731632233,
    "model_223": 0.16728061437606812,
    "model_23": 0.174958735704422,
    "model_24": 0.18219421803951263,
    "model_25": 0.17880868911743164,
    "model_26": 0.19206452369689941,
    "model_27": 0.1916954070329666,
    "model_28": 0.16838261485099792,
    "model_29": 0.16873948276042938,
    "model_30": 0.16786843538284302,
    "model_31": 0.16641253232955933,
    "model_532": 0.12014614045619965,
    "model_533": 0.12033895403146744,
    "model_534": 0.13424961268901825,
    "model_535": 0.14893361926078796,
    "model_536": 0.14993563294410706,
    "model_537": 0.16047844290733337,
    "model_538": 0.16927509009838104,
    "model_539": 0.17281268537044525,
    "model_540": 0.07669450342655182,
    "model_541": 0.08046023547649384,
    "model_542": 0.11510590463876724,
    "model_543": 0.10794617235660553,
    "model_596": 0.11569523811340332,
    "model_597": 0.12215181440114975,
    "model_598": 0.13861015439033508,
    "model_599": 0.13993960618972778,
    "model_600": 0.1562066376209259,
    "model_601": 0.16560252010822296,
    "model_602": 0.17341718077659607,
    "model_603": 0.18163065612316132,
    "model_604": 0.08712996542453766,
    "model_605": 0.0960577055811882,
    "model_606": 0.12006407976150513,
    "model_607": 0.11484291404485703,
    "model_660": 0.11625316739082336,
    "model_661": 0.12016698718070984,
    "model_662": 0.14328156411647797,
    "model_663": 0.139606311917305,
    "model_664": 0.13290634751319885,
    "model_665": 0.15494023263454437,
    "model_666": 0.17754913866519928,
    "model_667": 0.17124083638191223,
    "model_668": 0.07006280869245529,
    "model_669": 0.07547812163829803,
    "model_670": 0.10481579601764679,
    "model_671": 0.10156594961881638,
    "model_724": 0.10509050637483597,
    "model_725": 0.10734576731920242,
    "model_726": 0.1306077390909195,
    "model_727": 0.13853424787521362,
    "model_728": 0.13417163491249084,
    "model_729": 0.1387474536895752,
    "model_730": 0.17040881514549255,
    "model_731": 0.17704512178897858,
    "model_732": 0.08753513544797897,
    "model_733": 0.07828406989574432,
    "model_734": 0.12597350776195526,
    "model_735": 0.11571768671274185,
    "model_84": 0.16815544664859772,
    "model_85": 0.1724301278591156,
    "model_86": 0.17623277008533478,
    "model_87": 0.17786841094493866,
    "model_88": 0.17849406599998474,
    "model_89": 0.18046459555625916,
    "model_90": 0.18992875516414642,
    "model_91": 0.18903659284114838,
    "model_92": 0.1630513072013855,
    "model_93": 0.16378693282604218,
    "model_94": 0.17136560380458832,
    "model_95": 0.17288008332252502
}