{
    "model_1000": 0.041375234723091125,
    "model_1001": 0.058036405593156815,
    "model_1002": 0.03829779103398323,
    "model_1003": 0.04920964315533638,
    "model_1004": 0.039958544075489044,
    "model_1005": 0.061683718115091324,
    "model_1006": 0.04151347652077675,
    "model_1007": 0.05336254462599754,
    "model_1008": 0.0358961820602417,
    "model_1009": 0.05847492069005966,
    "model_1010": 0.04494296759366989,
    "model_1011": 0.057053342461586,
    "model_239": 0.030977142974734306,
    "model_240": 0.031114233657717705,
    "model_241": 0.02523111179471016,
    "model_242": 0.026581747457385063,
    "model_243": 0.04347296431660652,
    "model_244": 0.04689234495162964,
    "model_245": 0.019300613552331924,
    "model_246": 0.02847304753959179,
    "model_247": 0.021823285147547722,
    "model_248": 0.02519802562892437,
    "model_249": 0.019631262868642807,
    "model_250": 0.026349758729338646,
    "model_251": 0.02786487713456154,
    "model_252": 0.03184535354375839,
    "model_253": 0.022001856938004494,
    "model_254": 0.026858333498239517,
    "model_255": 0.03218415006995201,
    "model_256": 0.04442392289638519,
    "model_612": 0.08114607632160187,
    "model_613": 0.09732149541378021,
    "model_614": 0.0719805508852005,
    "model_615": 0.09048815071582794,
    "model_616": 0.08602423220872879,
    "model_617": 0.09676805138587952,
    "model_618": 0.08827558904886246,
    "model_619": 0.13619635999202728,
    "model_620": 0.08577017486095428,
    "model_621": 0.1439163088798523,
    "model_622": 0.09011848270893097,
    "model_623": 0.12478217482566833,
    "model_624": 0.07468140870332718,
    "model_625": 0.10423820465803146,
    "model_626": 0.07515865564346313,
    "model_627": 0.09033291041851044,
    "model_628": 0.06420299410820007,
    "model_629": 0.0998949259519577,
    "model_994": 0.04474126547574997,
    "model_995": 0.05476811155676842,
    "model_996": 0.04211077094078064,
    "model_997": 0.0555693693459034,
    "model_998": 0.051539547741413116,
    "model_999": 0.05448480322957039
}