{
    "model_148": 0.0849834606051445,
    "model_149": 0.08556356281042099,
    "model_150": 0.0744318887591362,
    "model_151": 0.07231181859970093,
    "model_152": 0.07039462774991989,
    "model_153": 0.06851495057344437,
    "model_154": 0.06404299288988113,
    "model_155": 0.05780186131596565,
    "model_156": 0.0842527523636818,
    "model_157": 0.0829155445098877,
    "model_158": 0.0837072879076004,
    "model_159": 0.08186235278844833,
    "model_20": 0.08252476900815964,
    "model_21": 0.07615309208631516,
    "model_212": 0.08411958068609238,
    "model_213": 0.08779028803110123,
    "model_214": 0.0728468969464302,
    "model_215": 0.07515968382358551,
    "model_216": 0.06970897316932678,
    "model_217": 0.0673031210899353,
    "model_218": 0.06062861904501915,
    "model_219": 0.06324261426925659,
    "model_22": 0.07457385957241058,
    "model_220": 0.08439303934574127,
    "model_221": 0.08200812339782715,
    "model_222": 0.07966627180576324,
    "model_223": 0.08243678510189056,
    "model_23": 0.0753348246216774,
    "model_24": 0.06838460266590118,
    "model_25": 0.07231979072093964,
    "model_26": 0.05830499157309532,
    "model_27": 0.058761827647686005,
    "model_28": 0.08173360675573349,
    "model_29": 0.08112771064043045,
    "model_30": 0.08162382990121841,
    "model_31": 0.08343400806188583,
    "model_532": 0.1117250844836235,
    "model_533": 0.10028032213449478,
    "model_534": 0.09233979135751724,
    "model_535": 0.09006194770336151,
    "model_536": 0.08300137519836426,
    "model_537": 0.077611044049263,
    "model_538": 0.0669795349240303,
    "model_539": 0.06904438883066177,
    "model_540": 0.10797591507434845,
    "model_541": 0.10986778885126114,
    "model_542": 0.09655159711837769,
    "model_543": 0.10004813224077225,
    "model_596": 0.10276558250188828,
    "model_597": 0.10477748513221741,
    "model_598": 0.09196849167346954,
    "model_599": 0.09456515312194824,
    "model_600": 0.08193352818489075,
    "model_601": 0.07311848551034927,
    "model_602": 0.06582140177488327,
    "model_603": 0.06376871466636658,
    "model_604": 0.12364063411951065,
    "model_605": 0.12118703871965408,
    "model_606": 0.10319000482559204,
    "model_607": 0.10706348717212677,
    "model_660": 0.12093443423509598,
    "model_661": 0.12165024131536484,
    "model_662": 0.09847621619701385,
    "model_663": 0.09867951273918152,
    "model_664": 0.10758316516876221,
    "model_665": 0.0907343178987503,
    "model_666": 0.07223013788461685,
    "model_667": 0.07272600382566452,
    "model_668": 0.16765311360359192,
    "model_669": 0.1719462126493454,
    "model_670": 0.12542176246643066,
    "model_671": 0.12623319029808044,
    "model_724": 0.1343870311975479,
    "model_725": 0.13536256551742554,
    "model_726": 0.10970208048820496,
    "model_727": 0.09817038476467133,
    "model_728": 0.10805744677782059,
    "model_729": 0.10051211714744568,
    "model_730": 0.06911198794841766,
    "model_731": 0.0650615245103836,
    "model_732": 0.16139955818653107,
    "model_733": 0.1523645669221878,
    "model_734": 0.1125558391213417,
    "model_735": 0.12342581152915955,
    "model_84": 0.08160298317670822,
    "model_85": 0.07679742574691772,
    "model_86": 0.0740409642457962,
    "model_87": 0.0720222219824791,
    "model_88": 0.07284596562385559,
    "model_89": 0.07055098563432693,
    "model_90": 0.06073092296719551,
    "model_91": 0.06181715428829193,
    "model_92": 0.08678409457206726,
    "model_93": 0.08620718121528625,
    "model_94": 0.07830138504505157,
    "model_95": 0.07621093839406967
}