{
    "model_1000": 0.14266924560070038,
    "model_1001": 0.15757885575294495,
    "model_1002": 0.14817281067371368,
    "model_1003": 0.15730953216552734,
    "model_1004": 0.13867856562137604,
    "model_1005": 0.155826136469841,
    "model_1006": 0.15833495557308197,
    "model_1007": 0.15128885209560394,
    "model_1008": 0.158359557390213,
    "model_1009": 0.161772683262825,
    "model_1010": 0.15029601752758026,
    "model_1011": 0.1467609405517578,
    "model_239": 0.15413032472133636,
    "model_240": 0.14318551123142242,
    "model_241": 0.17334097623825073,
    "model_242": 0.1677946001291275,
    "model_243": 0.11230654269456863,
    "model_244": 0.11045479029417038,
    "model_245": 0.1912180781364441,
    "model_246": 0.1711587905883789,
    "model_247": 0.20121879875659943,
    "model_248": 0.17981421947479248,
    "model_249": 0.17985810339450836,
    "model_250": 0.17136551439762115,
    "model_251": 0.15651869773864746,
    "model_252": 0.14630204439163208,
    "model_253": 0.18213050067424774,
    "model_254": 0.16798338294029236,
    "model_255": 0.12539799511432648,
    "model_256": 0.11490032076835632,
    "model_612": 0.12182899564504623,
    "model_613": 0.123100146651268,
    "model_614": 0.1296961009502411,
    "model_615": 0.12623798847198486,
    "model_616": 0.11438875645399094,
    "model_617": 0.11381152272224426,
    "model_618": 0.09108110517263412,
    "model_619": 0.11560701578855515,
    "model_620": 0.08525241166353226,
    "model_621": 0.10784740000963211,
    "model_622": 0.10451790690422058,
    "model_623": 0.12154388427734375,
    "model_624": 0.1248810887336731,
    "model_625": 0.12256559729576111,
    "model_626": 0.1270931363105774,
    "model_627": 0.1272873878479004,
    "model_628": 0.12528447806835175,
    "model_629": 0.11613333970308304,
    "model_994": 0.15473203361034393,
    "model_995": 0.1524982750415802,
    "model_996": 0.1623665988445282,
    "model_997": 0.15902987122535706,
    "model_998": 0.14346268773078918,
    "model_999": 0.14138323068618774
}