task_task1_v4_score: 0.000000000000
task_task2_v1_score: 0.000000000000
task_average_score: 0.000000000000
Duration: 0
