{
    "model_1000": 0.0439290888607502,
    "model_1001": 0.04586803540587425,
    "model_1002": 0.046895235776901245,
    "model_1003": 0.04353579133749008,
    "model_1004": 0.04270871356129646,
    "model_1005": 0.04638662189245224,
    "model_1006": 0.040861424058675766,
    "model_1007": 0.042855314910411835,
    "model_1008": 0.044246722012758255,
    "model_1009": 0.04952210560441017,
    "model_1010": 0.04576919227838516,
    "model_1011": 0.04645530506968498,
    "model_239": 0.044105540961027145,
    "model_240": 0.04563801735639572,
    "model_241": 0.04688507318496704,
    "model_242": 0.04425770044326782,
    "model_243": 0.05115126818418503,
    "model_244": 0.04722466319799423,
    "model_245": 0.044768646359443665,
    "model_246": 0.04808419942855835,
    "model_247": 0.04981430247426033,
    "model_248": 0.04010457918047905,
    "model_249": 0.04243627190589905,
    "model_250": 0.04784755781292915,
    "model_251": 0.042610954493284225,
    "model_252": 0.04156550019979477,
    "model_253": 0.04342268779873848,
    "model_254": 0.04554431512951851,
    "model_255": 0.04839624464511871,
    "model_256": 0.04795288294553757,
    "model_612": 0.05541328713297844,
    "model_613": 0.05633943900465965,
    "model_614": 0.049669548869132996,
    "model_615": 0.05644137039780617,
    "model_616": 0.05515060946345329,
    "model_617": 0.05259297415614128,
    "model_618": 0.05689908191561699,
    "model_619": 0.0574442595243454,
    "model_620": 0.05632951483130455,
    "model_621": 0.0613846480846405,
    "model_622": 0.05949590727686882,
    "model_623": 0.05922842025756836,
    "model_624": 0.05373769998550415,
    "model_625": 0.0551782101392746,
    "model_626": 0.054551493376493454,
    "model_627": 0.05836094170808792,
    "model_628": 0.06014896184206009,
    "model_629": 0.05615260824561119,
    "model_994": 0.04354526847600937,
    "model_995": 0.04631061106920242,
    "model_996": 0.041860971599817276,
    "model_997": 0.04736303165555,
    "model_998": 0.04745561629533768,
    "model_999": 0.0470120869576931
}