{
    "model_148": 0.0016798751894384623,
    "model_149": 0.0018449241761118174,
    "model_150": 0.017863068729639053,
    "model_151": 0.01858167164027691,
    "model_152": 0.0017696742434054613,
    "model_153": 0.001404576119966805,
    "model_154": 0.029525581747293472,
    "model_155": 0.028936700895428658,
    "model_156": 0.0012966252397745848,
    "model_157": 0.0008021668181754649,
    "model_158": 0.00987321138381958,
    "model_159": 0.00981590710580349,
    "model_20": 0.007362171541899443,
    "model_21": 0.006771452724933624,
    "model_212": 0.0019710776396095753,
    "model_213": 0.0016701307613402605,
    "model_214": 0.016576822847127914,
    "model_215": 0.016212597489356995,
    "model_216": 0.001906358520500362,
    "model_217": 0.0015571721596643329,
    "model_218": 0.02686789631843567,
    "model_219": 0.027408620342612267,
    "model_22": 0.019692160189151764,
    "model_220": 0.001565299928188324,
    "model_221": 0.0014782873913645744,
    "model_222": 0.011292395181953907,
    "model_223": 0.010549856349825859,
    "model_23": 0.02133834734559059,
    "model_24": 0.019789673388004303,
    "model_25": 0.01895121857523918,
    "model_26": 0.02284661866724491,
    "model_27": 0.029117677360773087,
    "model_28": 0.009620388969779015,
    "model_29": 0.006209852639585733,
    "model_30": 0.02662373147904873,
    "model_31": 0.02380474843084812,
    "model_532": 0.009664134122431278,
    "model_533": 0.009733726270496845,
    "model_534": 0.010535979643464088,
    "model_535": 0.011206015013158321,
    "model_536": 0.020048314705491066,
    "model_537": 0.02074640616774559,
    "model_538": 0.024789635092020035,
    "model_539": 0.02594808302819729,
    "model_540": 0.004534833133220673,
    "model_541": 0.0043274955824017525,
    "model_542": 0.01079521793872118,
    "model_543": 0.006544935051351786,
    "model_596": 0.006914040073752403,
    "model_597": 0.007414969149976969,
    "model_598": 0.008299690671265125,
    "model_599": 0.009169330820441246,
    "model_600": 0.019575249403715134,
    "model_601": 0.019089464098215103,
    "model_602": 0.022752933204174042,
    "model_603": 0.026684362441301346,
    "model_604": 0.0037007469218224287,
    "model_605": 0.004703032784163952,
    "model_606": 0.005318018142133951,
    "model_607": 0.005896518938243389,
    "model_660": 0.00010161680984310806,
    "model_661": 0.00010397993901278824,
    "model_662": 0.0117404256016016,
    "model_663": 0.01075640507042408,
    "model_664": 0.00030264881206676364,
    "model_665": 0.0002982063451781869,
    "model_666": 0.023192347958683968,
    "model_667": 0.026349639520049095,
    "model_668": 3.539997851476073e-05,
    "model_669": 6.428360621590912e-10,
    "model_670": 0.004777781665325165,
    "model_671": 0.0026841294020414352,
    "model_724": 0.00011854575132019818,
    "model_725": 0.00021117580763529986,
    "model_726": 0.009660943411290646,
    "model_727": 0.009394846856594086,
    "model_728": 0.00038186577148735523,
    "model_729": 0.00036274734884500504,
    "model_730": 0.02286316081881523,
    "model_731": 0.026104949414730072,
    "model_732": 0.00026016030460596085,
    "model_733": 0.0002232859405921772,
    "model_734": 0.0041135502979159355,
    "model_735": 0.0029943957924842834,
    "model_84": 0.006769123487174511,
    "model_85": 0.006216921843588352,
    "model_86": 0.022627057507634163,
    "model_87": 0.021343916654586792,
    "model_88": 0.017793916165828705,
    "model_89": 0.01696762815117836,
    "model_90": 0.031001493334770203,
    "model_91": 0.027662253007292747,
    "model_92": 0.008421007543802261,
    "model_93": 0.0073427422903478146,
    "model_94": 0.01610395684838295,
    "model_95": 0.01812063902616501
}