{
    "model_148": 1047225589.5465838,
    "model_149": 2229612597.2123938,
    "model_150": 1047225589.5465838,
    "model_151": 2229612597.2123938,
    "model_152": 1047225589.5465838,
    "model_153": 2229612597.2123938,
    "model_154": 1047225589.5465838,
    "model_155": 2229612597.2123938,
    "model_156": 1047225589.5465838,
    "model_157": 2229612597.2123938,
    "model_158": 1047225589.5465838,
    "model_159": 2229612597.2123938,
    "model_20": 820213390.8527741,
    "model_21": 1747976977.6737378,
    "model_212": 1047225589.5465838,
    "model_213": 2229612597.2123938,
    "model_214": 1047225589.5465838,
    "model_215": 2229612597.2123938,
    "model_216": 1047225589.5465838,
    "model_217": 2229612597.2123938,
    "model_218": 1047225589.5465838,
    "model_219": 2229612597.2123938,
    "model_22": 820213390.8527741,
    "model_220": 1047225589.5465838,
    "model_221": 2229612597.2123938,
    "model_222": 1047225589.5465838,
    "model_223": 2229612597.2123938,
    "model_23": 1747976977.6737378,
    "model_24": 820213390.8527741,
    "model_25": 1747976977.6737378,
    "model_26": 820213390.8527741,
    "model_27": 1747976977.6737378,
    "model_28": 820213390.8527741,
    "model_29": 1747976977.6737378,
    "model_30": 820213390.8527741,
    "model_31": 1747976977.6737378,
    "model_532": 323379757.49646163,
    "model_533": 1089069145.583753,
    "model_534": 323379757.49646163,
    "model_535": 1089069145.583753,
    "model_536": 323379757.49646163,
    "model_537": 1089069145.583753,
    "model_538": 323379757.49646163,
    "model_539": 1089069145.583753,
    "model_540": 323379757.49646163,
    "model_541": 1089069145.583753,
    "model_542": 323379757.49646163,
    "model_543": 1089069145.583753,
    "model_596": 323379757.49646163,
    "model_597": 1089069145.583753,
    "model_598": 323379757.49646163,
    "model_599": 1089069145.583753,
    "model_600": 323379757.49646163,
    "model_601": 1089069145.583753,
    "model_602": 323379757.49646163,
    "model_603": 1089069145.583753,
    "model_604": 323379757.49646163,
    "model_605": 1089069145.583753,
    "model_606": 323379757.49646163,
    "model_607": 1089069145.583753,
    "model_660": 370946702.46261066,
    "model_661": 1240730898.469378,
    "model_662": 370946702.46261066,
    "model_663": 1240730898.469378,
    "model_664": 370946702.46261066,
    "model_665": 1240730898.469378,
    "model_666": 370946702.46261066,
    "model_667": 1240730898.469378,
    "model_668": 370946702.46261066,
    "model_669": 1240730898.469378,
    "model_670": 370946702.46261066,
    "model_671": 1240730898.469378,
    "model_724": 370946702.46261066,
    "model_725": 1240730898.469378,
    "model_726": 370946702.46261066,
    "model_727": 1240730898.469378,
    "model_728": 370946702.46261066,
    "model_729": 1240730898.469378,
    "model_730": 370946702.46261066,
    "model_731": 1240730898.469378,
    "model_732": 370946702.46261066,
    "model_733": 1240730898.469378,
    "model_734": 370946702.46261066,
    "model_735": 1240730898.469378,
    "model_84": 820213390.8527741,
    "model_85": 1747976977.6737378,
    "model_86": 820213390.8527741,
    "model_87": 1747976977.6737378,
    "model_88": 820213390.8527741,
    "model_89": 1747976977.6737378,
    "model_90": 820213390.8527741,
    "model_91": 1747976977.6737378,
    "model_92": 820213390.8527741,
    "model_93": 1747976977.6737378,
    "model_94": 820213390.8527741,
    "model_95": 1747976977.6737378
}