{
    "model_1000": 1555526149.0111346,
    "model_1001": 1555526149.0111346,
    "model_1002": 1555526149.0111346,
    "model_1003": 1555526149.0111346,
    "model_1004": 1555526149.0111346,
    "model_1005": 1555526149.0111346,
    "model_1006": 1555526149.0111346,
    "model_1007": 1555526149.0111346,
    "model_1008": 1555526149.0111346,
    "model_1009": 1555526149.0111346,
    "model_1010": 1555526149.0111346,
    "model_1011": 1555526149.0111346,
    "model_239": 3008952429.3384724,
    "model_240": 3008952429.3384724,
    "model_241": 3008952429.3384724,
    "model_242": 3008952429.3384724,
    "model_243": 3008952429.3384724,
    "model_244": 3008952429.3384724,
    "model_245": 3008952429.3384724,
    "model_246": 3008952429.3384724,
    "model_247": 3008952429.3384724,
    "model_248": 3008952429.3384724,
    "model_249": 3008952429.3384724,
    "model_250": 3008952429.3384724,
    "model_251": 3008952429.3384724,
    "model_252": 3008952429.3384724,
    "model_253": 3008952429.3384724,
    "model_254": 3008952429.3384724,
    "model_255": 3008952429.3384724,
    "model_256": 3008952429.3384724,
    "model_612": 574190242.5863767,
    "model_613": 574190242.5863767,
    "model_614": 574190242.5863767,
    "model_615": 574190242.5863767,
    "model_616": 574190242.5863767,
    "model_617": 574190242.5863767,
    "model_618": 574190242.5863767,
    "model_619": 574190242.5863767,
    "model_620": 574190242.5863767,
    "model_621": 574190242.5863767,
    "model_622": 574190242.5863767,
    "model_623": 574190242.5863767,
    "model_624": 574190242.5863767,
    "model_625": 574190242.5863767,
    "model_626": 574190242.5863767,
    "model_627": 574190242.5863767,
    "model_628": 574190242.5863767,
    "model_629": 574190242.5863767,
    "model_994": 1555526149.0111346,
    "model_995": 1555526149.0111346,
    "model_996": 1555526149.0111346,
    "model_997": 1555526149.0111346,
    "model_998": 1555526149.0111346,
    "model_999": 1555526149.0111346
}