{
    "model_148": 0.24254852533340454,
    "model_149": 0.2423361986875534,
    "model_150": 0.24154973030090332,
    "model_151": 0.24134284257888794,
    "model_152": 0.24099008738994598,
    "model_153": 0.24107994139194489,
    "model_154": 0.24151740968227386,
    "model_155": 0.2415611892938614,
    "model_156": 0.2453020066022873,
    "model_157": 0.24502860009670258,
    "model_158": 0.24515967071056366,
    "model_159": 0.24452467262744904,
    "model_20": 0.2415725737810135,
    "model_21": 0.24210551381111145,
    "model_212": 0.24168922007083893,
    "model_213": 0.24142606556415558,
    "model_214": 0.24145835638046265,
    "model_215": 0.2417411059141159,
    "model_216": 0.24063505232334137,
    "model_217": 0.24108140170574188,
    "model_218": 0.24163579940795898,
    "model_219": 0.24153971672058105,
    "model_22": 0.2414245456457138,
    "model_220": 0.24306097626686096,
    "model_221": 0.24258503317832947,
    "model_222": 0.24138949811458588,
    "model_223": 0.2419605404138565,
    "model_23": 0.24213562905788422,
    "model_24": 0.24076028168201447,
    "model_25": 0.24066580832004547,
    "model_26": 0.24161683022975922,
    "model_27": 0.2418392300605774,
    "model_28": 0.24443739652633667,
    "model_29": 0.24450865387916565,
    "model_30": 0.24400226771831512,
    "model_31": 0.24382749199867249,
    "model_532": 0.23819665610790253,
    "model_533": 0.23926369845867157,
    "model_534": 0.24024471640586853,
    "model_535": 0.24088239669799805,
    "model_536": 0.23913858830928802,
    "model_537": 0.23948118090629578,
    "model_538": 0.24052315950393677,
    "model_539": 0.24127519130706787,
    "model_540": 0.24124887585639954,
    "model_541": 0.24169492721557617,
    "model_542": 0.24105006456375122,
    "model_543": 0.2423223853111267,
    "model_596": 0.23768135905265808,
    "model_597": 0.23765809834003448,
    "model_598": 0.2389630526304245,
    "model_599": 0.2402133196592331,
    "model_600": 0.238059863448143,
    "model_601": 0.23962798714637756,
    "model_602": 0.24042443931102753,
    "model_603": 0.2408694326877594,
    "model_604": 0.23755472898483276,
    "model_605": 0.23663437366485596,
    "model_606": 0.23982463777065277,
    "model_607": 0.23742790520191193,
    "model_660": 0.23352345824241638,
    "model_661": 0.23631656169891357,
    "model_662": 0.24097776412963867,
    "model_663": 0.24086979031562805,
    "model_664": 0.23454004526138306,
    "model_665": 0.23671744763851166,
    "model_666": 0.23983582854270935,
    "model_667": 0.24050943553447723,
    "model_668": 0.21822702884674072,
    "model_669": 0.2196039855480194,
    "model_670": 0.2405809760093689,
    "model_671": 0.23979848623275757,
    "model_724": 0.229009747505188,
    "model_725": 0.2288682609796524,
    "model_726": 0.23873670399188995,
    "model_727": 0.2404455691576004,
    "model_728": 0.23411816358566284,
    "model_729": 0.23520636558532715,
    "model_730": 0.24064944684505463,
    "model_731": 0.24046753346920013,
    "model_732": 0.2214086502790451,
    "model_733": 0.22471308708190918,
    "model_734": 0.23730455338954926,
    "model_735": 0.23851904273033142,
    "model_84": 0.2407938838005066,
    "model_85": 0.2411552518606186,
    "model_86": 0.24151189625263214,
    "model_87": 0.24147647619247437,
    "model_88": 0.24046814441680908,
    "model_89": 0.24050645530223846,
    "model_90": 0.24171406030654907,
    "model_91": 0.24163499474525452,
    "model_92": 0.24222663044929504,
    "model_93": 0.24181757867336273,
    "model_94": 0.2416200488805771,
    "model_95": 0.241702601313591
}