{
    "model_1000": 0.2367030680179596,
    "model_1001": 0.23813150823116302,
    "model_1002": 0.2354651242494583,
    "model_1003": 0.2347462922334671,
    "model_1004": 0.2359226495027542,
    "model_1005": 0.23823603987693787,
    "model_1006": 0.2331828474998474,
    "model_1007": 0.2372242510318756,
    "model_1008": 0.23090891540050507,
    "model_1009": 0.233094722032547,
    "model_1010": 0.23705396056175232,
    "model_1011": 0.2388787716627121,
    "model_239": 0.23728980123996735,
    "model_240": 0.23751117289066315,
    "model_241": 0.22528806328773499,
    "model_242": 0.22848689556121826,
    "model_243": 0.2450679987668991,
    "model_244": 0.24531999230384827,
    "model_245": 0.2053351104259491,
    "model_246": 0.2337053418159485,
    "model_247": 0.18496918678283691,
    "model_248": 0.2246621996164322,
    "model_249": 0.22947470843791962,
    "model_250": 0.23421363532543182,
    "model_251": 0.23684927821159363,
    "model_252": 0.2388395369052887,
    "model_253": 0.22434969246387482,
    "model_254": 0.22584518790245056,
    "model_255": 0.2437209188938141,
    "model_256": 0.24456144869327545,
    "model_612": 0.24322077631950378,
    "model_613": 0.24306227266788483,
    "model_614": 0.24188974499702454,
    "model_615": 0.24217918515205383,
    "model_616": 0.24522218108177185,
    "model_617": 0.245915949344635,
    "model_618": 0.24763019382953644,
    "model_619": 0.24538172781467438,
    "model_620": 0.24741898477077484,
    "model_621": 0.24504469335079193,
    "model_622": 0.24713636934757233,
    "model_623": 0.24508628249168396,
    "model_624": 0.24288959801197052,
    "model_625": 0.2426876276731491,
    "model_626": 0.24246223270893097,
    "model_627": 0.241283118724823,
    "model_628": 0.24290089309215546,
    "model_629": 0.2443767488002777,
    "model_994": 0.23416917026042938,
    "model_995": 0.23506243526935577,
    "model_996": 0.2284528613090515,
    "model_997": 0.22862772643566132,
    "model_998": 0.2387121021747589,
    "model_999": 0.23950360715389252
}