{
    "model_1000": 0.004207591991871595,
    "model_1001": 0.008508173748850822,
    "model_1002": 0.006030859891325235,
    "model_1003": 0.009429368190467358,
    "model_1004": 0.002249301876872778,
    "model_1005": 0.009980674833059311,
    "model_1006": 0.008970524184405804,
    "model_1007": 0.0098216962069273,
    "model_1008": 0.008417702279984951,
    "model_1009": 0.009806567803025246,
    "model_1010": 0.008576784282922745,
    "model_1011": 0.008032266050577164,
    "model_239": 0.009785735979676247,
    "model_240": 0.009222815744578838,
    "model_241": 0.009738673456013203,
    "model_242": 0.009861565195024014,
    "model_243": 0.009780778549611568,
    "model_244": 0.0072270892560482025,
    "model_245": 0.0030781521927565336,
    "model_246": 0.008612560108304024,
    "model_247": 0.008846667595207691,
    "model_248": 0.00987057015299797,
    "model_249": 0.0023129747714847326,
    "model_250": 0.008199707604944706,
    "model_251": 0.006681314203888178,
    "model_252": 0.0074854581616818905,
    "model_253": 0.009390953928232193,
    "model_254": 0.009508410468697548,
    "model_255": 0.0045238034799695015,
    "model_256": 0.009276609867811203,
    "model_612": 0.008484665304422379,
    "model_613": 0.008541662245988846,
    "model_614": 0.008693845011293888,
    "model_615": 0.007748683914542198,
    "model_616": 0.009699580259621143,
    "model_617": 0.008978032507002354,
    "model_618": 0.009746569208800793,
    "model_619": 0.008131907321512699,
    "model_620": 0.004623178858309984,
    "model_621": 0.008433460257947445,
    "model_622": 0.007030162960290909,
    "model_623": 0.007746565621346235,
    "model_624": 0.007641985081136227,
    "model_625": 0.009703036397695541,
    "model_626": 0.0091060446575284,
    "model_627": 0.006975156720727682,
    "model_628": 0.008433827199041843,
    "model_629": 0.0075348722748458385,
    "model_994": 0.00747921597212553,
    "model_995": 0.009706635028123856,
    "model_996": 0.00989375077188015,
    "model_997": 0.009625761769711971,
    "model_998": 0.009297680109739304,
    "model_999": 0.009960489347577095
}