{
    "model_148": 0.00952244084328413,
    "model_149": 0.009935609996318817,
    "model_150": 0.008850131183862686,
    "model_151": 0.00847055297344923,
    "model_152": 0.00979766808450222,
    "model_153": 0.009904185310006142,
    "model_154": 0.009921950288116932,
    "model_155": 0.009910650551319122,
    "model_156": 0.00640161894261837,
    "model_157": 0.003977672662585974,
    "model_158": 0.003753408556804061,
    "model_159": 0.009342744015157223,
    "model_20": 0.009711104445159435,
    "model_21": 0.009849214926362038,
    "model_212": 0.007680908311158419,
    "model_213": 0.009421641007065773,
    "model_214": 0.0059011224657297134,
    "model_215": 0.007240998558700085,
    "model_216": 0.009853294119238853,
    "model_217": 0.009564433246850967,
    "model_218": 0.009578322991728783,
    "model_219": 0.008847476914525032,
    "model_22": 0.00939261820167303,
    "model_220": 0.009749716147780418,
    "model_221": 0.008682005107402802,
    "model_222": 0.0035886080004274845,
    "model_223": 0.009643133729696274,
    "model_23": 0.009513973258435726,
    "model_24": 0.009713576175272465,
    "model_25": 0.009906109422445297,
    "model_26": 0.009865774773061275,
    "model_27": 0.009818707592785358,
    "model_28": 0.004496056120842695,
    "model_29": 0.00390638317912817,
    "model_30": 0.003019004827365279,
    "model_31": 0.0031898575834929943,
    "model_532": 0.009366251528263092,
    "model_533": 0.00653443206101656,
    "model_534": 0.008486596867442131,
    "model_535": 0.0071747563779354095,
    "model_536": 0.00950972642749548,
    "model_537": 0.008992080576717854,
    "model_538": 0.009919935837388039,
    "model_539": 0.009470435790717602,
    "model_540": 0.0025779176503419876,
    "model_541": 0.0015544206835329533,
    "model_542": 0.0029280015733093023,
    "model_543": 0.0021837095264345407,
    "model_596": 0.008312570862472057,
    "model_597": 0.007609156891703606,
    "model_598": 0.0074217235669493675,
    "model_599": 0.005339905619621277,
    "model_600": 0.008638981729745865,
    "model_601": 0.009986433200538158,
    "model_602": 0.008607693947851658,
    "model_603": 0.009334848262369633,
    "model_604": 0.00856019277125597,
    "model_605": 0.009300350211560726,
    "model_606": 0.007289587985724211,
    "model_607": 0.009580600075423717,
    "model_660": 0.008804891258478165,
    "model_661": 0.009936142712831497,
    "model_662": 0.008783763274550438,
    "model_663": 0.007765182759612799,
    "model_664": 0.009149596095085144,
    "model_665": 0.008512039668858051,
    "model_666": 0.009011704474687576,
    "model_667": 0.008462436497211456,
    "model_668": 0.003387820441275835,
    "model_669": 0.001794071402400732,
    "model_670": 0.003024196019396186,
    "model_671": 0.0020035221241414547,
    "model_724": 0.004800684284418821,
    "model_725": 0.009285738691687584,
    "model_726": 0.006324997637420893,
    "model_727": 0.007243523374199867,
    "model_728": 0.009219982661306858,
    "model_729": 0.00988129060715437,
    "model_730": 0.008187835104763508,
    "model_731": 0.008442124351859093,
    "model_732": 0.009723913855850697,
    "model_733": 0.00910373404622078,
    "model_734": 0.008163951337337494,
    "model_735": 0.008042779751121998,
    "model_84": 0.009416252374649048,
    "model_85": 0.008445813320577145,
    "model_86": 0.006314496975392103,
    "model_87": 0.008406504988670349,
    "model_88": 0.00966290570795536,
    "model_89": 0.00982108898460865,
    "model_90": 0.009939882904291153,
    "model_91": 0.009991299360990524,
    "model_92": 0.009740620851516724,
    "model_93": 0.007881911471486092,
    "model_94": 0.008043301291763783,
    "model_95": 0.00627095578238368
}