{
    "model_148": 0.03855195268988609,
    "model_149": 0.03588827699422836,
    "model_150": 0.051795072853565216,
    "model_151": 0.052317384630441666,
    "model_152": 0.03829394280910492,
    "model_153": 0.0381440743803978,
    "model_154": 0.0616513267159462,
    "model_155": 0.06438744813203812,
    "model_156": 0.03808242827653885,
    "model_157": 0.037030190229415894,
    "model_158": 0.04224538058042526,
    "model_159": 0.042390115559101105,
    "model_20": 0.043484773486852646,
    "model_21": 0.04105974733829498,
    "model_212": 0.03547004237771034,
    "model_213": 0.03515790402889252,
    "model_214": 0.052383534610271454,
    "model_215": 0.05139271169900894,
    "model_216": 0.04005897790193558,
    "model_217": 0.037703387439250946,
    "model_218": 0.06371579319238663,
    "model_219": 0.06510032713413239,
    "model_22": 0.05580596998333931,
    "model_220": 0.037389036267995834,
    "model_221": 0.0381268635392189,
    "model_222": 0.04398564621806145,
    "model_223": 0.04448596388101578,
    "model_23": 0.05576739087700844,
    "model_24": 0.04639260843396187,
    "model_25": 0.045349784195423126,
    "model_26": 0.06561805307865143,
    "model_27": 0.06660178303718567,
    "model_28": 0.03894573450088501,
    "model_29": 0.03831324726343155,
    "model_30": 0.050567299127578735,
    "model_31": 0.04754439368844032,
    "model_532": 0.04094411060214043,
    "model_533": 0.040026865899562836,
    "model_534": 0.048926644027233124,
    "model_535": 0.04795035719871521,
    "model_536": 0.04921860992908478,
    "model_537": 0.04679529368877411,
    "model_538": 0.06352871656417847,
    "model_539": 0.06504879891872406,
    "model_540": 0.038413990288972855,
    "model_541": 0.03539633750915527,
    "model_542": 0.044201869517564774,
    "model_543": 0.041449759155511856,
    "model_596": 0.04003847390413284,
    "model_597": 0.04097696393728256,
    "model_598": 0.04962095618247986,
    "model_599": 0.04897165298461914,
    "model_600": 0.04903193190693855,
    "model_601": 0.04782517999410629,
    "model_602": 0.0641055479645729,
    "model_603": 0.06498442590236664,
    "model_604": 0.03745044767856598,
    "model_605": 0.03714914619922638,
    "model_606": 0.04411880671977997,
    "model_607": 0.04025356471538544,
    "model_660": 0.04354626685380936,
    "model_661": 0.04292174428701401,
    "model_662": 0.05003569647669792,
    "model_663": 0.04697727411985397,
    "model_664": 0.04177579656243324,
    "model_665": 0.04257018491625786,
    "model_666": 0.06449313461780548,
    "model_667": 0.06281596422195435,
    "model_668": 0.03824671730399132,
    "model_669": 0.03792848438024521,
    "model_670": 0.04473765194416046,
    "model_671": 0.04133396968245506,
    "model_724": 0.03914525359869003,
    "model_725": 0.03759389370679855,
    "model_726": 0.04677748680114746,
    "model_727": 0.04308050870895386,
    "model_728": 0.04368734732270241,
    "model_729": 0.03888488560914993,
    "model_730": 0.063397616147995,
    "model_731": 0.06261652708053589,
    "model_732": 0.04028266668319702,
    "model_733": 0.038975875824689865,
    "model_734": 0.039933450520038605,
    "model_735": 0.03776764124631882,
    "model_84": 0.04451684653759003,
    "model_85": 0.043446049094200134,
    "model_86": 0.0553184375166893,
    "model_87": 0.05557487905025482,
    "model_88": 0.04942239075899124,
    "model_89": 0.04961945861577988,
    "model_90": 0.06739344447851181,
    "model_91": 0.06592941284179688,
    "model_92": 0.044082339853048325,
    "model_93": 0.04196983575820923,
    "model_94": 0.050296343863010406,
    "model_95": 0.0501105822622776
}