{
    "model_148": 6.776219367980957,
    "model_149": 6.330467700958252,
    "model_150": 7.598336696624756,
    "model_151": 7.2770538330078125,
    "model_152": 6.2968220710754395,
    "model_153": 6.7223920822143555,
    "model_154": 6.0821943283081055,
    "model_155": 6.755719184875488,
    "model_156": 5.624301433563232,
    "model_157": 5.935796737670898,
    "model_158": 6.804633140563965,
    "model_159": 6.906381607055664,
    "model_20": 6.965492248535156,
    "model_21": 8.195487976074219,
    "model_212": 9.063543319702148,
    "model_213": 8.20533561706543,
    "model_214": 10.602617263793945,
    "model_215": 8.978038787841797,
    "model_216": 10.457886695861816,
    "model_217": 8.579864501953125,
    "model_218": 8.17838191986084,
    "model_219": 7.309221267700195,
    "model_22": 7.12253475189209,
    "model_220": 9.180632591247559,
    "model_221": 7.676278114318848,
    "model_222": 14.120804786682129,
    "model_223": 11.366353988647461,
    "model_23": 7.345452308654785,
    "model_24": 6.267678260803223,
    "model_25": 6.974129676818848,
    "model_26": 6.008057594299316,
    "model_27": 6.160734176635742,
    "model_28": 6.675963401794434,
    "model_29": 6.302798271179199,
    "model_30": 7.39134407043457,
    "model_31": 8.494597434997559,
    "model_532": 5.248373031616211,
    "model_533": 6.580783843994141,
    "model_534": 7.022137641906738,
    "model_535": 6.301923751831055,
    "model_536": 6.156565189361572,
    "model_537": 5.391059398651123,
    "model_538": 6.754534721374512,
    "model_539": 6.252080917358398,
    "model_540": 4.212138652801514,
    "model_541": 4.4121246337890625,
    "model_542": 5.122812747955322,
    "model_543": 4.612143039703369,
    "model_596": 9.235458374023438,
    "model_597": 7.2524919509887695,
    "model_598": 9.872337341308594,
    "model_599": 7.879021644592285,
    "model_600": 8.224444389343262,
    "model_601": 6.586377143859863,
    "model_602": 7.117220401763916,
    "model_603": 5.890218257904053,
    "model_604": 7.953315734863281,
    "model_605": 7.927175045013428,
    "model_606": 11.09998893737793,
    "model_607": 7.204673767089844,
    "model_660": 4.251903057098389,
    "model_661": 3.6466832160949707,
    "model_662": 6.9976091384887695,
    "model_663": 6.229023456573486,
    "model_664": 4.74104118347168,
    "model_665": 4.278786659240723,
    "model_666": 6.691854000091553,
    "model_667": 5.923842430114746,
    "model_668": 3.986915111541748,
    "model_669": 3.9815874099731445,
    "model_670": 4.776813983917236,
    "model_671": 4.247216701507568,
    "model_724": 6.375432014465332,
    "model_725": 5.594612121582031,
    "model_726": 9.941802978515625,
    "model_727": 7.980896949768066,
    "model_728": 7.059144973754883,
    "model_729": 5.723453044891357,
    "model_730": 7.781523704528809,
    "model_731": 5.939825057983398,
    "model_732": 6.334512233734131,
    "model_733": 5.142356872558594,
    "model_734": 7.629608631134033,
    "model_735": 6.367856979370117,
    "model_84": 10.76516342163086,
    "model_85": 10.165714263916016,
    "model_86": 8.835474014282227,
    "model_87": 7.734530448913574,
    "model_88": 7.546038627624512,
    "model_89": 7.995121002197266,
    "model_90": 7.567913055419922,
    "model_91": 7.480437755584717,
    "model_92": 9.834587097167969,
    "model_93": 11.388143539428711,
    "model_94": 12.119997024536133,
    "model_95": 12.166315078735352
}