{
    "model_1000": 3.7580738067626953,
    "model_1001": 5.096407890319824,
    "model_1002": 3.5617434978485107,
    "model_1003": 4.702218055725098,
    "model_1004": 4.033918380737305,
    "model_1005": 4.676066875457764,
    "model_1006": 4.019974708557129,
    "model_1007": 4.128030776977539,
    "model_1008": 3.985194444656372,
    "model_1009": 4.676424503326416,
    "model_1010": 3.1561598777770996,
    "model_1011": 3.4809584617614746,
    "model_239": 3.8587419986724854,
    "model_240": 4.116288661956787,
    "model_241": 3.805448055267334,
    "model_242": 4.304434776306152,
    "model_243": 3.504884958267212,
    "model_244": 3.2814133167266846,
    "model_245": 3.557427167892456,
    "model_246": 4.736322402954102,
    "model_247": 3.200960397720337,
    "model_248": 4.324616432189941,
    "model_249": 3.705503463745117,
    "model_250": 5.431260108947754,
    "model_251": 3.6714320182800293,
    "model_252": 4.321559906005859,
    "model_253": 3.835376739501953,
    "model_254": 4.355452537536621,
    "model_255": 3.637237071990967,
    "model_256": 3.791813611984253,
    "model_612": 4.238487243652344,
    "model_613": 8.231311798095703,
    "model_614": 4.750454902648926,
    "model_615": 10.080843925476074,
    "model_616": 4.637966156005859,
    "model_617": 6.183330059051514,
    "model_618": 4.230432510375977,
    "model_619": 8.031206130981445,
    "model_620": 4.6225738525390625,
    "model_621": 7.379547119140625,
    "model_622": 4.696368217468262,
    "model_623": 7.804981231689453,
    "model_624": 4.628332138061523,
    "model_625": 7.914111137390137,
    "model_626": 4.306738376617432,
    "model_627": 8.818122863769531,
    "model_628": 3.993640422821045,
    "model_629": 6.369233131408691,
    "model_994": 4.143088340759277,
    "model_995": 4.145684242248535,
    "model_996": 4.189691543579102,
    "model_997": 4.345971584320068,
    "model_998": 3.5237040519714355,
    "model_999": 3.358840227127075
}