{
    "model_0": 0.13658854365348816,
    "model_1": 0.03567708283662796,
    "model_10": 0.01015624962747097,
    "model_11": 0.04674478992819786,
    "model_12": 0.05052083730697632,
    "model_13": 0.01653645746409893,
    "model_14": 0.03268229216337204,
    "model_15": 0.0299479179084301,
    "model_16": 0.05117187649011612,
    "model_17": 0.03828125074505806,
    "model_2": 0.10559894889593124,
    "model_3": 0.0625,
    "model_4": 0.07213541120290756,
    "model_5": 0.04401041939854622,
    "model_6": 0.11536458879709244,
    "model_7": 0.008723958395421505,
    "model_8": 0.0794270783662796,
    "model_9": 0.03424479067325592
}