{
    "model_148": 3.8245701789855957,
    "model_149": 3.5470542907714844,
    "model_150": 4.429040908813477,
    "model_151": 4.391831398010254,
    "model_152": 4.165372848510742,
    "model_153": 3.5899953842163086,
    "model_154": 4.9326629638671875,
    "model_155": 4.2783098220825195,
    "model_156": 3.1374428272247314,
    "model_157": 3.7967352867126465,
    "model_158": 3.647594451904297,
    "model_159": 4.210744857788086,
    "model_20": 3.4107284545898438,
    "model_21": 4.303789138793945,
    "model_212": 4.203894138336182,
    "model_213": 5.148992538452148,
    "model_214": 5.632842063903809,
    "model_215": 4.8909525871276855,
    "model_216": 4.866261959075928,
    "model_217": 4.0850090980529785,
    "model_218": 5.10350227355957,
    "model_219": 5.303353309631348,
    "model_22": 4.077023029327393,
    "model_220": 5.509181499481201,
    "model_221": 5.046865463256836,
    "model_222": 7.828525543212891,
    "model_223": 5.753706932067871,
    "model_23": 4.111973285675049,
    "model_24": 4.146823883056641,
    "model_25": 3.76777982711792,
    "model_26": 4.112943649291992,
    "model_27": 3.36893367767334,
    "model_28": 4.136118412017822,
    "model_29": 3.817141056060791,
    "model_30": 3.346811294555664,
    "model_31": 3.927842378616333,
    "model_532": 4.033241271972656,
    "model_533": 4.948219299316406,
    "model_534": 5.00649356842041,
    "model_535": 5.640152931213379,
    "model_536": 4.831101894378662,
    "model_537": 4.879335403442383,
    "model_538": 6.031247615814209,
    "model_539": 4.366169452667236,
    "model_540": 5.845495223999023,
    "model_541": 4.676204681396484,
    "model_542": 6.234302997589111,
    "model_543": 4.950662136077881,
    "model_596": 5.868227958679199,
    "model_597": 4.938961982727051,
    "model_598": 8.47097110748291,
    "model_599": 6.479784965515137,
    "model_600": 5.3158135414123535,
    "model_601": 5.03050422668457,
    "model_602": 6.650915622711182,
    "model_603": 5.666400909423828,
    "model_604": 10.875715255737305,
    "model_605": 9.39786148071289,
    "model_606": 8.764970779418945,
    "model_607": 7.957438945770264,
    "model_660": 3.745321273803711,
    "model_661": 4.128392219543457,
    "model_662": 5.614203453063965,
    "model_663": 4.0744476318359375,
    "model_664": 4.283306121826172,
    "model_665": 4.612414836883545,
    "model_666": 6.302299499511719,
    "model_667": 5.613726615905762,
    "model_668": 4.8566999435424805,
    "model_669": 4.530285835266113,
    "model_670": 4.831336975097656,
    "model_671": 4.12401008605957,
    "model_724": 8.486604690551758,
    "model_725": 6.289477348327637,
    "model_726": 7.261741638183594,
    "model_727": 6.270656585693359,
    "model_728": 7.937653064727783,
    "model_729": 6.0775604248046875,
    "model_730": 4.665719985961914,
    "model_731": 5.127320289611816,
    "model_732": 10.831363677978516,
    "model_733": 8.059209823608398,
    "model_734": 7.551118850708008,
    "model_735": 7.568079948425293,
    "model_84": 4.2083916664123535,
    "model_85": 4.785645008087158,
    "model_86": 4.982098579406738,
    "model_87": 5.057167053222656,
    "model_88": 4.3672990798950195,
    "model_89": 5.7744855880737305,
    "model_90": 4.348412990570068,
    "model_91": 5.135605335235596,
    "model_92": 5.24111270904541,
    "model_93": 4.115147590637207,
    "model_94": 6.793328762054443,
    "model_95": 7.479403972625732
}