{
    "model_1000": 3.938721179962158,
    "model_1001": 5.7620134353637695,
    "model_1002": 4.076600074768066,
    "model_1003": 5.186721324920654,
    "model_1004": 4.268123149871826,
    "model_1005": 6.4995269775390625,
    "model_1006": 4.106892108917236,
    "model_1007": 4.445923328399658,
    "model_1008": 4.167479515075684,
    "model_1009": 4.964123249053955,
    "model_1010": 3.5776829719543457,
    "model_1011": 4.027644157409668,
    "model_239": 4.252324104309082,
    "model_240": 5.482270240783691,
    "model_241": 4.136864185333252,
    "model_242": 4.615876197814941,
    "model_243": 3.83449387550354,
    "model_244": 4.292193412780762,
    "model_245": 3.7900991439819336,
    "model_246": 7.317044734954834,
    "model_247": 4.071430206298828,
    "model_248": 5.220763206481934,
    "model_249": 3.7179317474365234,
    "model_250": 6.257945537567139,
    "model_251": 3.9976558685302734,
    "model_252": 4.06156587600708,
    "model_253": 4.335888385772705,
    "model_254": 5.309591770172119,
    "model_255": 3.8546805381774902,
    "model_256": 4.783119201660156,
    "model_612": 3.6574654579162598,
    "model_613": 4.850558757781982,
    "model_614": 3.8941235542297363,
    "model_615": 5.106741905212402,
    "model_616": 3.3704700469970703,
    "model_617": 3.7257330417633057,
    "model_618": 3.949523448944092,
    "model_619": 6.8980817794799805,
    "model_620": 3.5077619552612305,
    "model_621": 5.616360664367676,
    "model_622": 4.486597061157227,
    "model_623": 5.14582633972168,
    "model_624": 3.214948892593384,
    "model_625": 5.827943801879883,
    "model_626": 3.8347511291503906,
    "model_627": 6.220783233642578,
    "model_628": 2.9376726150512695,
    "model_629": 4.027369499206543,
    "model_994": 4.448932647705078,
    "model_995": 4.335302829742432,
    "model_996": 4.4153265953063965,
    "model_997": 4.458962440490723,
    "model_998": 3.7757229804992676,
    "model_999": 3.5136783123016357
}