{
    "model_148": 0.1650165319442749,
    "model_149": 0.1644364446401596,
    "model_150": 0.175568088889122,
    "model_151": 0.17768818140029907,
    "model_152": 0.1796053647994995,
    "model_153": 0.18148504197597504,
    "model_154": 0.18595699965953827,
    "model_155": 0.19219814240932465,
    "model_156": 0.1657472401857376,
    "model_157": 0.1670844554901123,
    "model_158": 0.1662926971912384,
    "model_159": 0.16813765466213226,
    "model_20": 0.16747522354125977,
    "model_21": 0.17384688556194305,
    "model_212": 0.16588042676448822,
    "model_213": 0.16220970451831818,
    "model_214": 0.1771531105041504,
    "model_215": 0.1748403161764145,
    "model_216": 0.18029102683067322,
    "model_217": 0.1826968789100647,
    "model_218": 0.18937137722969055,
    "model_219": 0.1867574006319046,
    "model_22": 0.17542612552642822,
    "model_220": 0.16560694575309753,
    "model_221": 0.16799187660217285,
    "model_222": 0.17033372819423676,
    "model_223": 0.16756321489810944,
    "model_23": 0.174665167927742,
    "model_24": 0.18161539733409882,
    "model_25": 0.17768020927906036,
    "model_26": 0.19169498980045319,
    "model_27": 0.1912381798028946,
    "model_28": 0.1682664006948471,
    "model_29": 0.16887229681015015,
    "model_30": 0.1683761477470398,
    "model_31": 0.16656598448753357,
    "model_532": 0.1382749229669571,
    "model_533": 0.14971968531608582,
    "model_534": 0.15766023099422455,
    "model_535": 0.1599380522966385,
    "model_536": 0.16699862480163574,
    "model_537": 0.172388955950737,
    "model_538": 0.1830204725265503,
    "model_539": 0.18095560371875763,
    "model_540": 0.14202408492565155,
    "model_541": 0.14013221859931946,
    "model_542": 0.1534484177827835,
    "model_543": 0.14995187520980835,
    "model_596": 0.14723441004753113,
    "model_597": 0.1452225148677826,
    "model_598": 0.15803150832653046,
    "model_599": 0.15543484687805176,
    "model_600": 0.16806647181510925,
    "model_601": 0.17688150703907013,
    "model_602": 0.18417859077453613,
    "model_603": 0.18623130023479462,
    "model_604": 0.12635938823223114,
    "model_605": 0.1288129836320877,
    "model_606": 0.14681001007556915,
    "model_607": 0.14293651282787323,
    "model_660": 0.1290655881166458,
    "model_661": 0.12834975123405457,
    "model_662": 0.15152379870414734,
    "model_663": 0.15132050216197968,
    "model_664": 0.142416849732399,
    "model_665": 0.15926571190357208,
    "model_666": 0.17776986956596375,
    "model_667": 0.17727398872375488,
    "model_668": 0.08234691619873047,
    "model_669": 0.07805383205413818,
    "model_670": 0.12457825243473053,
    "model_671": 0.12376682460308075,
    "model_724": 0.11561299860477448,
    "model_725": 0.11463744938373566,
    "model_726": 0.14029791951179504,
    "model_727": 0.15182963013648987,
    "model_728": 0.1419425755739212,
    "model_729": 0.14948788285255432,
    "model_730": 0.18088801205158234,
    "model_731": 0.1849384903907776,
    "model_732": 0.08860048651695251,
    "model_733": 0.09763546288013458,
    "model_734": 0.13744418323040009,
    "model_735": 0.12657420337200165,
    "model_84": 0.16839700937271118,
    "model_85": 0.17320257425308228,
    "model_86": 0.175959050655365,
    "model_87": 0.1779777854681015,
    "model_88": 0.1771540343761444,
    "model_89": 0.17944900691509247,
    "model_90": 0.1892690807580948,
    "model_91": 0.18818284571170807,
    "model_92": 0.16321592032909393,
    "model_93": 0.16379281878471375,
    "model_94": 0.17169861495494843,
    "model_95": 0.17378903925418854
}