{
    "model_148": 0.034154012799263,
    "model_149": 0.03584029898047447,
    "model_150": 0.04855173081159592,
    "model_151": 0.049373626708984375,
    "model_152": 0.038679834455251694,
    "model_153": 0.0403580404818058,
    "model_154": 0.0619218535721302,
    "model_155": 0.06439854949712753,
    "model_156": 0.035837192088365555,
    "model_157": 0.0347948856651783,
    "model_158": 0.04671815037727356,
    "model_159": 0.041647013276815414,
    "model_20": 0.04723580554127693,
    "model_21": 0.042848967015743256,
    "model_212": 0.038233108818531036,
    "model_213": 0.03614314645528793,
    "model_214": 0.04730260744690895,
    "model_215": 0.05006677657365799,
    "model_216": 0.03927185386419296,
    "model_217": 0.03774470090866089,
    "model_218": 0.059261295944452286,
    "model_219": 0.06943435966968536,
    "model_22": 0.059431642293930054,
    "model_220": 0.03758563473820686,
    "model_221": 0.03481800854206085,
    "model_222": 0.043811067938804626,
    "model_223": 0.045706432312726974,
    "model_23": 0.05260779336094856,
    "model_24": 0.041631415486335754,
    "model_25": 0.04311937838792801,
    "model_26": 0.06914669275283813,
    "model_27": 0.06272569298744202,
    "model_28": 0.0408741757273674,
    "model_29": 0.032219577580690384,
    "model_30": 0.05224835127592087,
    "model_31": 0.04424312710762024,
    "model_532": 0.04222266376018524,
    "model_533": 0.04000496864318848,
    "model_534": 0.04715351387858391,
    "model_535": 0.05272585526108742,
    "model_536": 0.04871407523751259,
    "model_537": 0.04618291184306145,
    "model_538": 0.06251940876245499,
    "model_539": 0.06248199939727783,
    "model_540": 0.039425019174814224,
    "model_541": 0.03915129229426384,
    "model_542": 0.0381106398999691,
    "model_543": 0.04017451032996178,
    "model_596": 0.044805895537137985,
    "model_597": 0.03793270140886307,
    "model_598": 0.049588099122047424,
    "model_599": 0.04676482453942299,
    "model_600": 0.041863106191158295,
    "model_601": 0.04669414088129997,
    "model_602": 0.05891837552189827,
    "model_603": 0.06433063745498657,
    "model_604": 0.038856133818626404,
    "model_605": 0.03779906406998634,
    "model_606": 0.044051386415958405,
    "model_607": 0.03649166226387024,
    "model_660": 0.041604720056056976,
    "model_661": 0.04357462376356125,
    "model_662": 0.05235385522246361,
    "model_663": 0.04643910005688667,
    "model_664": 0.042719703167676926,
    "model_665": 0.03617475554347038,
    "model_666": 0.058947257697582245,
    "model_667": 0.06659363210201263,
    "model_668": 0.04179805889725685,
    "model_669": 0.034975942224264145,
    "model_670": 0.03904547169804573,
    "model_671": 0.03882274031639099,
    "model_724": 0.04039940610527992,
    "model_725": 0.0351167730987072,
    "model_726": 0.04607199877500534,
    "model_727": 0.046416740864515305,
    "model_728": 0.039914149791002274,
    "model_729": 0.04207172244787216,
    "model_730": 0.06721900403499603,
    "model_731": 0.06427427381277084,
    "model_732": 0.03978393226861954,
    "model_733": 0.04218302667140961,
    "model_734": 0.04181092977523804,
    "model_735": 0.03566738963127136,
    "model_84": 0.04713793843984604,
    "model_85": 0.04249456897377968,
    "model_86": 0.05027834326028824,
    "model_87": 0.05533161014318466,
    "model_88": 0.05113368481397629,
    "model_89": 0.04944872111082077,
    "model_90": 0.06721043586730957,
    "model_91": 0.06890222430229187,
    "model_92": 0.05013703927397728,
    "model_93": 0.04053528234362602,
    "model_94": 0.051414813846349716,
    "model_95": 0.0460437536239624
}