{
    "model_1000": 0.007453912869095802,
    "model_1001": 0.0069436016492545605,
    "model_1002": 0.007881036028265953,
    "model_1003": 0.007207401562482119,
    "model_1004": 0.007343474309891462,
    "model_1005": 0.0067617204040288925,
    "model_1006": 0.0065423185005784035,
    "model_1007": 0.007249067537486553,
    "model_1008": 0.00673444801941514,
    "model_1009": 0.007589962333440781,
    "model_1010": 0.006520875729620457,
    "model_1011": 0.006563977338373661,
    "model_239": 0.010674395598471165,
    "model_240": 0.009731746278703213,
    "model_241": 0.00886023510247469,
    "model_242": 0.009379607625305653,
    "model_243": 0.009406284429132938,
    "model_244": 0.009454894810914993,
    "model_245": 0.006145268213003874,
    "model_246": 0.0061250473372638226,
    "model_247": 0.007018500007688999,
    "model_248": 0.006325887981802225,
    "model_249": 0.005970990285277367,
    "model_250": 0.006039831787347794,
    "model_251": 0.007248729467391968,
    "model_252": 0.008096983656287193,
    "model_253": 0.005964522249996662,
    "model_254": 0.010408115573227406,
    "model_255": 0.008115552365779877,
    "model_256": 0.008816415444016457,
    "model_612": 0.008809574879705906,
    "model_613": 0.008792652748525143,
    "model_614": 0.008886357769370079,
    "model_615": 0.008945868350565434,
    "model_616": 0.009154153987765312,
    "model_617": 0.008649601601064205,
    "model_618": 0.009451803751289845,
    "model_619": 0.008987616747617722,
    "model_620": 0.009190678596496582,
    "model_621": 0.00918353721499443,
    "model_622": 0.009477971121668816,
    "model_623": 0.008845156989991665,
    "model_624": 0.008803612552583218,
    "model_625": 0.008739341981709003,
    "model_626": 0.009049521759152412,
    "model_627": 0.008901363238692284,
    "model_628": 0.008752929046750069,
    "model_629": 0.008631814271211624,
    "model_994": 0.007133757695555687,
    "model_995": 0.007207413204014301,
    "model_996": 0.007086251862347126,
    "model_997": 0.007786411792039871,
    "model_998": 0.006540874484926462,
    "model_999": 0.006685963366180658
}