{
    "model_148": 0.010477530770003796,
    "model_149": 0.010475306771695614,
    "model_150": 0.013794532977044582,
    "model_151": 0.01404029130935669,
    "model_152": 0.010275051929056644,
    "model_153": 0.010134623385965824,
    "model_154": 0.013794067315757275,
    "model_155": 0.01353887002915144,
    "model_156": 0.01027449406683445,
    "model_157": 0.010073996149003506,
    "model_158": 0.011803721077740192,
    "model_159": 0.011644385755062103,
    "model_20": 0.014534041285514832,
    "model_21": 0.014053309336304665,
    "model_212": 0.010432303883135319,
    "model_213": 0.010451369918882847,
    "model_214": 0.013872724957764149,
    "model_215": 0.013774088583886623,
    "model_216": 0.010312240570783615,
    "model_217": 0.01017830055207014,
    "model_218": 0.013224381022155285,
    "model_219": 0.013342902064323425,
    "model_22": 0.015234691090881824,
    "model_220": 0.01046543475240469,
    "model_221": 0.010266304947435856,
    "model_222": 0.01228842232376337,
    "model_223": 0.012234178371727467,
    "model_23": 0.015692731365561485,
    "model_24": 0.014851311221718788,
    "model_25": 0.015045367181301117,
    "model_26": 0.012216749601066113,
    "model_27": 0.014219587668776512,
    "model_28": 0.013362376019358635,
    "model_29": 0.012952102348208427,
    "model_30": 0.015074821189045906,
    "model_31": 0.014482803642749786,
    "model_532": 0.006520560476928949,
    "model_533": 0.006510162726044655,
    "model_534": 0.007518105674535036,
    "model_535": 0.00731748528778553,
    "model_536": 0.007977302186191082,
    "model_537": 0.007513446733355522,
    "model_538": 0.008397511206567287,
    "model_539": 0.009355118498206139,
    "model_540": 0.005441560875624418,
    "model_541": 0.005433626938611269,
    "model_542": 0.006435604300349951,
    "model_543": 0.006067490670830011,
    "model_596": 0.006095029413700104,
    "model_597": 0.006018232088536024,
    "model_598": 0.007024215068668127,
    "model_599": 0.006841419730335474,
    "model_600": 0.007489037699997425,
    "model_601": 0.007219013758003712,
    "model_602": 0.008796479552984238,
    "model_603": 0.00903394166380167,
    "model_604": 0.0055245268158614635,
    "model_605": 0.005568626802414656,
    "model_606": 0.0058966935612261295,
    "model_607": 0.0059717134572565556,
    "model_660": 0.005356842186301947,
    "model_661": 0.005559118930250406,
    "model_662": 0.007228292990475893,
    "model_663": 0.007029571104794741,
    "model_664": 0.006245812401175499,
    "model_665": 0.006414029281586409,
    "model_666": 0.008147421292960644,
    "model_667": 0.009044983424246311,
    "model_668": 0.0049798148684203625,
    "model_669": 0.004972704686224461,
    "model_670": 0.005718695465475321,
    "model_671": 0.00555279990658164,
    "model_724": 0.005090500693768263,
    "model_725": 0.0051329773850739,
    "model_726": 0.006142281461507082,
    "model_727": 0.006332655902951956,
    "model_728": 0.00605865940451622,
    "model_729": 0.0060912854969501495,
    "model_730": 0.008078322745859623,
    "model_731": 0.008944060653448105,
    "model_732": 0.005037165712565184,
    "model_733": 0.005035374779254198,
    "model_734": 0.005658194422721863,
    "model_735": 0.005426586139947176,
    "model_84": 0.014706045389175415,
    "model_85": 0.014618247747421265,
    "model_86": 0.01640143059194088,
    "model_87": 0.015851866453886032,
    "model_88": 0.014862452633678913,
    "model_89": 0.015161270275712013,
    "model_90": 0.01532930601388216,
    "model_91": 0.015218591317534447,
    "model_92": 0.014117253012955189,
    "model_93": 0.013750949874520302,
    "model_94": 0.014825806021690369,
    "model_95": 0.015483791008591652
}