{
    "model_1000": 0.10733078420162201,
    "model_1001": 0.09242117404937744,
    "model_1002": 0.10182720422744751,
    "model_1003": 0.09269049763679504,
    "model_1004": 0.11132144927978516,
    "model_1005": 0.09417390078306198,
    "model_1006": 0.09166507422924042,
    "model_1007": 0.09871118515729904,
    "model_1008": 0.09164048731327057,
    "model_1009": 0.08822736144065857,
    "model_1010": 0.09970401227474213,
    "model_1011": 0.10323907434940338,
    "model_239": 0.09586971253156662,
    "model_240": 0.10681451857089996,
    "model_241": 0.07665906101465225,
    "model_242": 0.08220544457435608,
    "model_243": 0.13769349455833435,
    "model_244": 0.13954521715641022,
    "model_245": 0.058781981468200684,
    "model_246": 0.07884126156568527,
    "model_247": 0.04878125339746475,
    "model_248": 0.0701858326792717,
    "model_249": 0.07014193385839462,
    "model_250": 0.07863450795412064,
    "model_251": 0.09348133951425552,
    "model_252": 0.10369798541069031,
    "model_253": 0.06786955147981644,
    "model_254": 0.08201666921377182,
    "model_255": 0.12460201233625412,
    "model_256": 0.13509969413280487,
    "model_612": 0.12817102670669556,
    "model_613": 0.12689988315105438,
    "model_614": 0.1203039288520813,
    "model_615": 0.12376202642917633,
    "model_616": 0.13561125099658966,
    "model_617": 0.13618847727775574,
    "model_618": 0.15891888737678528,
    "model_619": 0.13439297676086426,
    "model_620": 0.16474759578704834,
    "model_621": 0.1421526074409485,
    "model_622": 0.1454821079969406,
    "model_623": 0.12845611572265625,
    "model_624": 0.1251189261674881,
    "model_625": 0.12743441760540009,
    "model_626": 0.1229068785905838,
    "model_627": 0.1227126270532608,
    "model_628": 0.12471555173397064,
    "model_629": 0.13386666774749756,
    "model_994": 0.09526800364255905,
    "model_995": 0.09750174731016159,
    "model_996": 0.08763343095779419,
    "model_997": 0.09097017347812653,
    "model_998": 0.1065373420715332,
    "model_999": 0.10861680656671524
}