{
    "model_1000": 0.04474442079663277,
    "model_1001": 0.045684345066547394,
    "model_1002": 0.044991374015808105,
    "model_1003": 0.04701763391494751,
    "model_1004": 0.04658828675746918,
    "model_1005": 0.046685054898262024,
    "model_1006": 0.040170732885599136,
    "model_1007": 0.04334896057844162,
    "model_1008": 0.042353130877017975,
    "model_1009": 0.0468713641166687,
    "model_1010": 0.043771639466285706,
    "model_1011": 0.047650739550590515,
    "model_239": 0.046852923929691315,
    "model_240": 0.04675916209816933,
    "model_241": 0.04412349313497543,
    "model_242": 0.044300831854343414,
    "model_243": 0.052241239696741104,
    "model_244": 0.050912678241729736,
    "model_245": 0.04378287494182587,
    "model_246": 0.047522567212581635,
    "model_247": 0.04350859299302101,
    "model_248": 0.04520990327000618,
    "model_249": 0.04444438964128494,
    "model_250": 0.04579484835267067,
    "model_251": 0.04321445897221565,
    "model_252": 0.045738235116004944,
    "model_253": 0.04409768059849739,
    "model_254": 0.046306170523166656,
    "model_255": 0.04685549437999725,
    "model_256": 0.04879619926214218,
    "model_612": 0.05514038726687431,
    "model_613": 0.056116946041584015,
    "model_614": 0.05233597010374069,
    "model_615": 0.0544186569750309,
    "model_616": 0.056192897260189056,
    "model_617": 0.05860292911529541,
    "model_618": 0.05520293861627579,
    "model_619": 0.05875799059867859,
    "model_620": 0.05645576864480972,
    "model_621": 0.058431871235370636,
    "model_622": 0.05972807854413986,
    "model_623": 0.06065456569194794,
    "model_624": 0.053411468863487244,
    "model_625": 0.05676832050085068,
    "model_626": 0.05366092547774315,
    "model_627": 0.057038597762584686,
    "model_628": 0.05468634516000748,
    "model_629": 0.057779788970947266,
    "model_994": 0.04356765002012253,
    "model_995": 0.04586043208837509,
    "model_996": 0.044665008783340454,
    "model_997": 0.04420493543148041,
    "model_998": 0.0479791983962059,
    "model_999": 0.04888267070055008
}