{
    "model_1000": 0.0017538478132337332,
    "model_1001": 0.004146764054894447,
    "model_1002": 0.0018670462304726243,
    "model_1003": 0.0027252049185335636,
    "model_1004": 0.0015556284924969077,
    "model_1005": 0.005368459969758987,
    "model_1006": 0.0013700290583074093,
    "model_1007": 0.003674475010484457,
    "model_1008": 0.0018730321899056435,
    "model_1009": 0.0025724349543452263,
    "model_1010": 0.0022991932928562164,
    "model_1011": 0.004142696037888527,
    "model_239": 0.00031100993510335684,
    "model_240": 0.0006579922046512365,
    "model_241": 0.00011321011697873473,
    "model_242": 0.0003008042403962463,
    "model_243": 0.0010243486613035202,
    "model_244": 0.002613720018416643,
    "model_245": 1.761780004017055e-05,
    "model_246": 0.0009674722095951438,
    "model_247": 3.8323581975419074e-05,
    "model_248": 0.00013573351316154003,
    "model_249": 2.6281468308297917e-05,
    "model_250": 0.001583370380103588,
    "model_251": 0.00015123111370485276,
    "model_252": 0.000785046664532274,
    "model_253": 4.547793650999665e-05,
    "model_254": 0.0002266005176352337,
    "model_255": 0.0007756618433631957,
    "model_256": 0.002481212606653571,
    "model_612": 0.010398024693131447,
    "model_613": 0.010427381843328476,
    "model_614": 0.009630709886550903,
    "model_615": 0.009423395618796349,
    "model_616": 0.009806249290704727,
    "model_617": 0.011523432098329067,
    "model_618": 0.0065602404065430164,
    "model_619": 0.005298371892422438,
    "model_620": 0.007558354642242193,
    "model_621": 0.004060234874486923,
    "model_622": 0.0062222667038440704,
    "model_623": 0.007332625333219767,
    "model_624": 0.009874765761196613,
    "model_625": 0.010959440842270851,
    "model_626": 0.009886134415864944,
    "model_627": 0.009780864231288433,
    "model_628": 0.00900301244109869,
    "model_629": 0.011119884438812733,
    "model_994": 0.0025556660257279873,
    "model_995": 0.0034295842051506042,
    "model_996": 0.001818361459299922,
    "model_997": 0.0026122056879103184,
    "model_998": 0.0033237789757549763,
    "model_999": 0.00436385627835989
}