task_task1_v4_score: 0.286613527487
task_task2_v1_score: 0.268853004337
task_average_score: 27.773326591214
Duration: 0
